# Created by Octave 3.8.0, Tue Jan 21 19:43:04 2020 -03 <jessicatemporal@2294-NB.local>
# name: A
# type: diagonal matrix
# rows: 4
# columns: 4
1
1
1
1


